C:\Hillman_062607\DYCE Day 0\\Mouse1
name populated X Y leftFrame rightFrame rect array
1 - lungs          1 149.09 353.79 1    1  255  478 56.21488      56.14876      56.04132      56.19008      57.41322      56.09091      57.05785       56.5124      57.29752      57.29752      56.56198      57.93388      58.79339      60.80165      68.53719      73.34711      78.99174      91.41322      112.2066      144.0661       182.438      230.6364       285.438       337.876      383.3884       422.281      454.5702      476.3967      494.9008      510.1157      522.1901      538.1488      547.6777      561.4628      574.1653      584.0992      592.7934      604.0496      610.9835       615.157      626.5537       633.157      635.8512      643.3388      649.5537      656.2066      655.5372      659.9174      665.1322      665.4628      668.7686      670.9421      667.2066      670.0826      676.1074      669.5785      671.6446      669.3884      667.3306      672.2231
2 - Heart          0   1.00   1.00 1    1  255  478 0  0  0  0  0  0  0  0  0  0  0  0  0  0  0  0  0  0  0  0  0  0  0  0  0  0  0  0  0  0  0  0  0  0  0  0  0  0  0  0  0  0  0  0  0  0  0  0  0  0  0  0  0  0  0  0  0  0  0  0
3 - Brain          0   1.00   1.00 1    1  255  478 0  0  0  0  0  0  0  0  0  0  0  0  0  0  0  0  0  0  0  0  0  0  0  0  0  0  0  0  0  0  0  0  0  0  0  0  0  0  0  0  0  0  0  0  0  0  0  0  0  0  0  0  0  0  0  0  0  0  0  0
4 - Kidneys        0   1.00   1.00 1    1  255  478 0  0  0  0  0  0  0  0  0  0  0  0  0  0  0  0  0  0  0  0  0  0  0  0  0  0  0  0  0  0  0  0  0  0  0  0  0  0  0  0  0  0  0  0  0  0  0  0  0  0  0  0  0  0  0  0  0  0  0  0
5 - Liver          0   1.00   1.00 1    1  255  478 0  0  0  0  0  0  0  0  0  0  0  0  0  0  0  0  0  0  0  0  0  0  0  0  0  0  0  0  0  0  0  0  0  0  0  0  0  0  0  0  0  0  0  0  0  0  0  0  0  0  0  0  0  0  0  0  0  0  0  0
6 - Food           0   1.00   1.00 1    1  255  478 0  0  0  0  0  0  0  0  0  0  0  0  0  0  0  0  0  0  0  0  0  0  0  0  0  0  0  0  0  0  0  0  0  0  0  0  0  0  0  0  0  0  0  0  0  0  0  0  0  0  0  0  0  0  0  0  0  0  0  0
7 - Various1       0   1.00   1.00 1    1  255  478 0  0  0  0  0  0  0  0  0  0  0  0  0  0  0  0  0  0  0  0  0  0  0  0  0  0  0  0  0  0  0  0  0  0  0  0  0  0  0  0  0  0  0  0  0  0  0  0  0  0  0  0  0  0  0  0  0  0  0  0
8 - Various2       0   1.00   1.00 1    1  255  478 0  0  0  0  0  0  0  0  0  0  0  0  0  0  0  0  0  0  0  0  0  0  0  0  0  0  0  0  0  0  0  0  0  0  0  0  0  0  0  0  0  0  0  0  0  0  0  0  0  0  0  0  0  0  0  0  0  0  0  0
9 - Various3       0   1.00   1.00 1    1  255  478 0  0  0  0  0  0  0  0  0  0  0  0  0  0  0  0  0  0  0  0  0  0  0  0  0  0  0  0  0  0  0  0  0  0  0  0  0  0  0  0  0  0  0  0  0  0  0  0  0  0  0  0  0  0  0  0  0  0  0  0
